$ANSIBLE_VAULT;1.1;AES256
31376130376365666661336533356263336439383863663036646136616636313838373038363438
3562346462653063663736653862393362396337643662320a613563626464313164666432323434
32323966663733373436623862666437636233316530306266303563653630396465623463653235
3037373138303036630a346333646336633531303439343435633334316234346131393132643066
37393933616164333036356539663164343333386232633766353661343632653338393366636533
64366237636534343039383463616637363938633034326563613565326365376165623830353130
61376133363332363936343239616435306332663931363538663939303465616535303564663734
30383864396234383161656566663261303366393465373837616137643237353637393932333536
61326461373066303330643337623331376333663062323766343538326564303934613939316531
34616338313435393538303832623132353737306561376166366535626234343064353962313938
39626365663437656531326135343366333331626337363931393135623863633634366638376230
33613132653462383234313435316461386132333731386464313963346236343862626235383537
38633133633635623733363631663762623365616238633063336636376134323538653463386639
65653939316433623035336361613037333735323261346138653762326339356662313633303361
35373062613833633238343637636331333934303435316334343139376331313636396363343533
36363833653461666133383731383164363632313063373532626138343237656230366266373238
66626334333732366132383837626234323961626261316638353237383637643938636230353736
39623635313132613436363537323663653163336532366331346161376637353664626365643266
39356266323939396435333865303563613931613964356134643530386431393065393232363066
31303039316331666663353133373333353662306562326439316338656631646632383537666132
65666134386461386566366234656366633536613265646631623661386232663265316132343736
33363738643233303933656532326336656466623565323536646366333562633634343235656262
38613935346665346563336365313330323730373832656330343662363563356462363837366535
64396437646165336666656430346339633662643866636266323433636234623066316362356237
65383831663734303664643733653736616535663934386537396235613036656432656137303135
35323361306438366464633161313239363139343437666432373638363534393530323961386465
30333133653734316130336231363635383961343065626135383164366136643563343566316338
35396230303339316362303166636331326132616465316435353231666534343537343235313061
38316562653139666338653339663938383931313738306366313836663662663237353437336438
33383233623233666533386633666539376537303662376531343763363364633061643362653665
34616263656535643362616231323831323831633065373630366239313166373139666337346438
35343265646664323966653664343037333934323035663266346365343361306438663436333135
38326466316366363962383439636462373962633339633831653131303462646332376164353538
36653837626433363739633862323530666663396632363435363536333439383934646465626362
63303735633862313234383436383761666564363934393239396663633234393364643432383932
36656263373463353730326436356332373263326437643435306539393863363561316561333530
33396366323161363263363730663032616632366235396131353334323737656164663565386636
34383762613636643031623830336530333030313161326165373362313762313232343162393536
61353335393036396364393935636336383731336566323036313366306364363231323162383030
66643637656161666637386530626635633962363561323265623039643933316164633139653436
62343864623766633436313733346566373065303437633663366237356533306330623866383331
66386230643035333161633735643463386664373931343038653137343262623931353164373138
31373161306664626465613564326563303733363337373931393530656162613338313365353439
64613966373133356138636231666230656230323861633038633933396430643635396234356538
64653964383738393038323930396330613265633535353835313537333836646534313962353338
36353838643962316139383135623565373436663135626532383437663334633936306539636461
31343163333937373566646162376663336238653539306238306139633833336664356235323136
64626134373939363765343634333463653466356461376639316364336265393639616362356435
35376163306639303862376130613566326632343663616432316435393437333439343264303635
35383062323864633233333236363737656461646135306462373464346439643636653365386538
61366432626163653532393332633565306265343839663736306139326266636434353266383137
63353333316333353662336238623834356136393037636230663336356233306661336261633939
33343136306437363965353539323661383133333239323564643131616163393931393563353162
30366466356430383835633032306635613937653663393134623035386163643035373866343230
61303931316636633931383931363338636335623433323934616238313638366530633666306164
35623461303037336262633530623635386630653866636332353139303963356632323330393330
63376338656566393262666439316333373763633938363232653231363831613064346265646632
33396238633364623537613731353066323166393464376661613162363462333235646339323266
66396161646337343333316365623734663539303530333934656439303034373132646230383932
38656662313935303665313130336438316130356138663335336233343864653866313636346461
32643531333637396432623531616361343031666661366133363865653762336162633333313632
33636136633530303961623333646238616537333130363230663135363938326663623833393764
30346261626137323462303237633735616531386166363138303435313539376332363431316336
35396638383234646362373166396235373336343231346261383633353231323332366662633339
37636535626262333966313466666333396438623265323233376430613765346165333030643335
36663864346235613966373033313262646165613930623831613964336365646635626438353330
61336535393163653630303662316236626336353762383233383763333062373334383130616434
64663738323564636436373661343362383934393162643566663433333563613264356332386464
64343234626663333531366639383630363938303166356564356536316637613562303631316636
35626336313630316138373631613561386238613665313465633831386639323635323730653065
35393333633635643337393164626533383735623331653038663965383235386665646364396333
31393562333965336131656137613762626336353461356663313137346135383530633264633663
35643131373134363532376530643935393662313930613663653633646331303836616561306332
66383835653033666637303263323763383264666163396162336538323432353831303563623564
37623433386633373165313865353535656464303130373637393063386134663135383230336530
33373335633266353631613964373763303732666463663631326463373233613533363162343264
38666239616337356465323232653466336239346234393461643662303836353237326566613438
65316633613766343764393665353064306163663434613863643762373339623061383730656631
64316436373761356663623932623536336135646631313134643662396562626339353830366631
39323931633439646466663338383333383264323265616163613230363339623161633463323838
65323738656261303766633234366363376662343764333734326534353663396136646431316639
61323361653438333733383432616664306636363365623831333833636431643733316432393235
65353966613934616431346130626135646564343338396239613065376630376133356562353730
62396664646632643839376631353834356234633763613463666233333939316636616331366561
66633462346333616132333737373133616564643732343631633564633231353132613832363535
31346538383265623235656462313238396332373565323538303934383761623765376163383665
66323835316264616265363634393733336331653635353464646462613061316463393739646531
30326436353433666561376332373261616133373337633462383439373962323835353239633734
63613934656662666362323038323831326263363833663661626335653363313263613835623761
33626234346535366164303536366338653361366532393663323439383764336663316534366364
31346462326363323136663666656666663838326138313834323230396231323761373334303835
30306538633264346664663862306163643165396165316437613134646236363766316237356536
61623965376162373661616432653966383333363838386534303434386361346635333535626436
37356565323431663537343837313938393536383836666535366138366436326238363964313166
61386238373262656439663637656432376436333634383131393533303863363439623030343034
36323635303139313732326666613866626437366533613162633333643730396532393432386639
61306163363132303133323362323562303537343632383338383135326238616631306335646433
39623731643232303935353239623838346264326439653037616162643231613232633935636633
64383037313734376639306231366362303764643739323531336531666239356638653133633637
64366266633633366331336437343439613633363133666131333731366139383466363362616566
66643734356339316331643265376639303130643037333364326233363938636336653634343531
65313666613030643866393264303035333936373339623565316238366237373762346437396565
64626263623131303934656164353963633161326463326266316362643334363061383039363361
65383932306533633930316238383435613864333637653236333961396635323735323538393639
65376663373864653135323264646137616239383734343062643932663033616561373534646433
30646430396536613962313961613934653831363936656638636335346139316465306137346366
65306531323730336437613465616239326666623466303139323137386165643230326239326135
65393733313261623562616539633162366236343033393965366631323039633832343963333434
32666566613864633931316330646337346335306334356236386532333262356130663932326532
31356133396639373531623439616633346634633262383862386361353565663866323038393363
38303963363866333161663430623765386136346433353839353735613265303232636166376331
38303234366563343564623438626130343438373139666633333134623834343931393666326663
30396530353631393938656532343232646163656438383739303935633465373561353337356532
37393932353632316439333335316161633434393834646362633135663238643961383733343435
65633131313564633264393264633731323832613833353531663865613036366462376165333764
35383531303334326565653461376531636335343732616333343731326630336237333030363565
32383436353432303838323730363532346431313237373934303237313339386438383066336536
63373037353666666164333830396539393431623035303861346664393439333433626133346335
34386633333961316635376236353636373036323931393262313038333433386238326139333263
36333964643732323163613762323932326335383332306532616531636139336464323836333937
37393439303439666134343337373030623266336631383964366465343462346161356534346464
32313266366162393336653534353836663233636635383733313838393133303731623766303764
38656330666130393633386431366537656166376137373539326431333762383366623232613363
36343837626137306563313336313831363164396138666638323563333363643534396463383038
32326331363538396437633830306537303938643262326530636439303232323530613430306231
30383664393936393935303165663065326637666236386638333930356662336436396234613732
63373365333365303234633433366337393739333038623364653331303534633730323164346136
61343764373766353538373338656130333838383638653066633165343137326637643462613532
66383166343963343030313866666337633865613466343431333730666634306233616233363533
35626364653135303932666432643363396238636638336461626433623734666635343830313839
30643134653833393064626661373331313034326263666231366330636365633865373536663934
64323161383338623339613566323136646335333530363237633061636139613665643036306139
32313766653661326637616630333239396565353133343335336138333763346434343135656433
35346134303935313361343864653935313863373062376462633933646539633665353332613438
37646437386430343962343738646637626665613465626161336137396561623933316637323631
30663164363230623430313232316138643334653339366332303166636337303739353038363436
37613438376433303262636263633162323534623732623537386131346464656239346638326130
66366665643933323965653363623537383132623839343836343534663664316432666632343136
63656437653037383135316232373566633663383665633334363435386264616439306662636365
66653566363165363738313432636238333836383662646561626461636462303331303138353166
64316461363638653035326663643264633037346464346463663165376664663863376133383733
32386435616563336134356166326331633133633831373338346630386638643965646161666364
32643361323930383464646238303064313830336636343166336639386266616331303736323735
66383537313036656533646630333134363134303230383536373064626233383630613136326165
39633964353036613065646334666565353635316139386231313463343137663933646464346635
38346330306265306134313665623132623238353630343532343836633961663038626661613561
65373531653566643735316564626365653937383464396431326235376164646664643766353739
31653235616137393061373263333265386566353738616664376336303835313036393061663763
37353935343966303439616566613837316361613738663236373437356565643135303463336334
31346461356665613161663432336263356464336564626333343262396339363133353633383238
65336664616461386133366236323637393139653765643338316236346663373163666363653163
62316331356463613635383966326361613037623039646633666635303061643239303463623562
66393566626663633736313833396232353834633362643362663232393133396361353433363433
39383339396438643837396339633065663563643330616437616666303738623462316564396239
33663630653863383837376261396534633037303061386537316565653839353764636138393631
33366133393732656661303061623261623838303435613064333239373264623436613661373763
38356165343736383138353139393962613566326161326332653762313665373130316431306366
30623762306130386431373265323232646632343438373030646364383639636137316339353366
34623638383633663635623336653839613434383062363037616537336339373233366132306133
39303938396439663561396530313536646261666130316566356632336665663034633564653261
35663831386332333365303539623964363436326330376166646530626532613235666264343164
62633232343062333865373930383938646234303731656231373735616437633437623838613739
35373636343035323236626562303136616564646630313362363030303538663632663431316438
34383532623136363766313230393837613033623133303334663865303066393839333765303230
34316536653631336461363163636235323161623038333462643766626564643030323663643431
31636663623564643236633538373834353761646164626232376535373539306563333537643536
62313630383732333336313733666531666566666366393130663331643035343764626232613638
33383433396166653932346535336531663338316461666132383435373362373033616361316463
30346434303539356462323137613637366138303933376237656231626364383632396164346438
6563323135633833636563343133353434616239353633626537
